0.000000000000000000e+00
0.000000000000000000e+00
0.000000000000000000e+00
0.000000000000000000e+00
0.000000000000000000e+00
0.000000000000000000e+00
0.000000000000000000e+00
0.000000000000000000e+00
0.000000000000000000e+00
0.000000000000000000e+00
0.000000000000000000e+00
1.000000000000000000e+00
2.000000000000000000e+00
3.000000000000000000e+00
5.000000000000000000e+00
5.000000000000000000e+00
5.000000000000000000e+00
8.000000000000000000e+00
1.000000000000000000e+01
1.200000000000000000e+01
1.800000000000000000e+01
2.300000000000000000e+01
2.700000000000000000e+01
3.400000000000000000e+01
3.800000000000000000e+01
4.100000000000000000e+01
5.800000000000000000e+01
6.900000000000000000e+01
8.700000000000000000e+01
1.040000000000000000e+02
1.260000000000000000e+02
1.400000000000000000e+02
1.540000000000000000e+02
1.770000000000000000e+02
1.990000000000000000e+02
2.260000000000000000e+02
2.540000000000000000e+02
2.710000000000000000e+02
2.870000000000000000e+02
3.180000000000000000e+02
3.640000000000000000e+02
3.930000000000000000e+02
4.280000000000000000e+02
4.530000000000000000e+02
4.770000000000000000e+02
4.950000000000000000e+02
5.170000000000000000e+02
5.430000000000000000e+02
5.610000000000000000e+02
5.930000000000000000e+02
6.230000000000000000e+02
6.480000000000000000e+02
6.630000000000000000e+02
6.900000000000000000e+02
7.320000000000000000e+02
7.820000000000000000e+02
8.160000000000000000e+02
8.470000000000000000e+02
8.670000000000000000e+02
8.840000000000000000e+02
9.060000000000000000e+02
9.480000000000000000e+02
9.730000000000000000e+02
1.004000000000000000e+03
1.049000000000000000e+03
1.088000000000000000e+03
1.100000000000000000e+03
1.133000000000000000e+03
1.158000000000000000e+03
1.216000000000000000e+03
1.272000000000000000e+03
1.305000000000000000e+03
1.336000000000000000e+03
1.347000000000000000e+03
1.369000000000000000e+03
1.419000000000000000e+03
1.440000000000000000e+03
1.480000000000000000e+03
1.506000000000000000e+03
1.519000000000000000e+03
1.527000000000000000e+03
1.536000000000000000e+03
1.562000000000000000e+03
1.601000000000000000e+03
1.626000000000000000e+03
1.648000000000000000e+03
1.672000000000000000e+03
1.678000000000000000e+03
1.698000000000000000e+03
1.734000000000000000e+03
1.767000000000000000e+03
1.788000000000000000e+03
1.819000000000000000e+03
1.830000000000000000e+03
1.836000000000000000e+03
1.853000000000000000e+03
1.885000000000000000e+03
1.920000000000000000e+03
1.939000000000000000e+03
1.957000000000000000e+03
1.976000000000000000e+03
1.983000000000000000e+03
2.029000000000000000e+03
2.062000000000000000e+03
2.105000000000000000e+03
2.140000000000000000e+03
2.165000000000000000e+03
2.182000000000000000e+03
2.192000000000000000e+03
2.220000000000000000e+03
2.249000000000000000e+03
2.296000000000000000e+03
