0 52 40 42 51 58 69 81 102 112 141 201 294 302 357 389 401 441 448 456 475 482 510 530 536 541 659 756 757 813 877 923 966 1001 1016 1028 1050 1061 1180 1214 1226 1255 1290 1330 1332 1341 1365 1405 1444 1518 1557 1613 1643 1662
1 55 26 171 173 188 229 235 252 260 269 278 307 312 343 345 346 360 363 367 374 384 430 450 471 472 506 527 555 589 607 653 661 721 735 743 774 809 971 1021 1053 1086 1090 1162 1171 1174 1278 1298 1400 1404 1407 1450 1467 1498 1502 1539 1566
2 80 3 34 74 76 92 93 101 105 108 156 165 207 216 237 257 262 282 306 334 340 341 368 372 428 462 504 513 601 633 634 682 746 768 782 831 891 900 940 957 1043 1066 1070 1071 1073 1091 1102 1105 1118 1133 1143 1159 1166 1202 1248 1252 1271 1289 1308 1320 1369 1403 1412 1431 1434 1446 1465 1503 1521 1523 1551 1555 1570 1591 1611 1631 1651 1676 1679 1702 1703
3 93 21 33 36 37 46 78 79 82 84 88 111 123 139 140 142 155 176 196 200 220 222 241 259 350 365 393 398 411 424 453 473 483 535 538 543 575 638 644 658 713 731 748 753 759 790 798 833 838 851 871 878 882 890 901 928 943 988 997 1020 1060 1106 1114 1124 1178 1191 1196 1221 1232 1235 1246 1249 1258 1286 1323 1333 1345 1349 1353 1364 1385 1391 1394 1398 1432 1443 1553 1584 1590 1619 1620 1637 1646 1650
4 76 56 64 70 90 136 185 203 215 217 309 324 329 370 373 394 468 518 548 558 577 582 606 612 618 625 630 632 642 646 648 663 674 677 698 724 726 729 770 777 784 788 789 804 808 811 812 815 821 898 913 927 946 989 1044 1051 1058 1117 1148 1158 1163 1172 1185 1193 1203 1222 1223 1240 1256 1268 1277 1296 1303 1325 1408 1433 1525
5 111 15 23 25 44 47 50 57 63 65 77 95 96 104 118 121 122 128 130 131 132 134 157 167 174 181 182 189 212 223 228 230 234 236 238 239 242 249 251 264 272 274 279 286 287 291 292 296 303 315 358 369 378 383 385 427 455 463 512 553 569 615 640 699 701 702 719 741 742 758 763 778 807 822 839 874 921 924 948 949 1030 1046 1068 1136 1160 1189 1194 1211 1218 1233 1239 1242 1243 1245 1262 1276 1283 1288 1306 1315 1342 1381 1430 1463 1481 1486 1492 1494 1628 1653 1667 1680
6 115 12 13 16 45 49 55 72 75 80 129 143 149 152 160 247 248 255 273 322 325 333 336 348 352 354 359 361 377 391 392 403 407 412 416 417 421 425 435 443 445 452 458 464 465 474 476 477 478 480 490 498 500 502 509 511 520 532 570 588 592 598 603 605 617 619 639 662 664 666 690 722 739 745 781 785 799 800 834 852 859 869 875 880 905 929 947 955 981 983 1011 1040 1072 1084 1140 1154 1161 1187 1229 1326 1339 1344 1361 1368 1406 1427 1441 1449 1455 1459 1461 1528 1531 1544 1573 1640
7 72 27 31 148 199 266 326 335 429 497 514 521 528 533 545 547 584 593 599 651 660 695 705 732 761 816 841 844 853 856 866 876 885 911 912 951 954 973 990 992 1006 1007 1019 1022 1036 1037 1045 1056 1075 1077 1079 1080 1089 1100 1108 1109 1128 1130 1168 1219 1227 1263 1265 1266 1307 1337 1466 1493 1509 1537 1550 1554 1665
8 60 10 22 41 66 97 106 109 126 151 191 194 198 208 224 256 295 305 308 311 316 320 331 332 349 356 371 381 388 390 395 415 436 437 439 442 447 505 551 567 573 635 649 692 703 775 819 861 884 888 904 916 937 945 968 1031 1054 1067 1152 1173 1529
9 54 89 153 168 190 214 219 433 501 508 523 557 559 587 604 616 621 627 641 657 665 672 696 710 744 765 767 776 794 886 910 959 1207 1208 1257 1274 1324 1355 1424 1442 1454 1512 1513 1516 1569 1571 1592 1594 1622 1641 1663 1666 1672 1684 1692
10 49 103 179 187 209 233 261 265 297 485 517 562 670 700 709 926 931 938 956 960 980 998 1000 1005 1023 1025 1032 1039 1047 1081 1126 1142 1153 1224 1270 1287 1300 1362 1414 1469 1527 1536 1541 1542 1595 1603 1605 1610 1614 1677
11 34 35 110 169 183 184 232 426 457 461 507 516 631 733 873 889 907 953 969 994 1027 1200 1524 1540 1549 1565 1576 1581 1617 1632 1660 1681 1693 1698 1700
12 67 246 328 362 366 406 423 440 503 626 688 708 760 764 783 827 829 847 883 894 895 902 919 920 930 934 975 995 1014 1029 1042 1063 1123 1145 1149 1157 1170 1197 1204 1236 1237 1254 1259 1260 1273 1275 1284 1319 1329 1348 1352 1370 1380 1411 1413 1415 1417 1436 1447 1477 1480 1488 1563 1574 1575 1604 1652 1659
13 56 28 162 317 364 405 522 534 537 549 554 564 572 574 579 586 590 645 667 669 678 686 714 718 727 734 738 754 762 771 797 802 803 825 850 887 941 982 991 1093 1098 1110 1137 1156 1165 1167 1209 1210 1228 1234 1238 1291 1299 1331 1388 1399 1618
14 78 116 163 382 386 397 402 413 414 418 432 466 467 469 481 486 489 493 529 539 540 542 556 565 566 583 610 623 652 654 655 673 679 680 683 684 687 693 706 711 712 715 716 730 737 749 750 755 779 780 787 792 823 826 828 840 842 865 903 909 915 952 958 1017 1065 1082 1095 1112 1251 1261 1305 1322 1327 1402 1410 1623 1627 1668 1697
15 53 59 138 195 283 347 488 491 571 578 689 751 769 806 817 846 857 896 897 908 917 935 962 999 1003 1012 1024 1038 1069 1092 1101 1115 1131 1135 1146 1151 1186 1212 1282 1285 1309 1351 1360 1453 1456 1457 1458 1504 1508 1522 1586 1657 1669 1678
16 41 289 351 387 396 399 400 420 434 449 494 524 676 694 720 723 752 824 830 860 879 881 918 936 939 942 985 1048 1057 1064 1094 1120 1129 1141 1176 1182 1225 1334 1340 1429 1440 1519
17 38 5 48 71 100 117 158 170 270 285 314 337 355 479 487 519 531 747 772 979 1104 1132 1220 1294 1354 1375 1384 1395 1425 1435 1451 1468 1478 1484 1499 1593 1645 1647 1648
18 29 32 172 177 197 204 211 419 451 496 544 560 580 613 614 624 697 707 717 961 1183 1213 1280 1372 1471 1476 1533 1616 1686 1687
19 62 1 8 17 18 53 62 68 145 166 180 186 205 210 227 231 245 258 342 380 492 552 602 691 791 863 922 925 932 1033 1076 1078 1088 1103 1119 1147 1169 1179 1192 1267 1295 1311 1336 1343 1371 1376 1379 1389 1426 1439 1495 1530 1543 1552 1578 1585 1615 1639 1654 1658 1704 1707 1708
20 56 2 7 30 73 83 91 124 133 159 202 221 240 254 263 280 288 310 318 330 339 375 379 546 568 736 814 964 987 996 1015 1083 1107 1111 1138 1139 1188 1215 1231 1241 1314 1374 1393 1419 1420 1438 1464 1505 1506 1507 1517 1558 1559 1562 1587 1597 1685
21 96 6 14 38 52 60 86 87 98 107 114 115 137 147 154 226 268 271 275 299 323 404 422 438 444 561 585 594 595 636 650 675 704 728 740 766 773 796 820 832 862 864 867 868 870 892 944 950 965 967 974 976 978 993 1008 1009 1010 1026 1055 1059 1062 1085 1097 1134 1155 1199 1206 1217 1250 1264 1293 1310 1316 1317 1335 1377 1397 1409 1437 1470 1483 1491 1510 1532 1535 1560 1564 1567 1568 1580 1588 1596 1612 1625 1636 1644 1673
22 64 146 161 225 267 301 327 344 409 410 454 460 591 608 620 629 637 647 685 793 801 805 836 837 843 845 848 854 872 899 906 933 984 1002 1004 1013 1034 1122 1125 1144 1150 1184 1190 1198 1272 1304 1321 1357 1383 1387 1452 1462 1473 1496 1500 1526 1577 1579 1583 1621 1626 1635 1638 1688 1695
23 146 24 29 39 54 61 67 94 99 119 120 125 127 135 175 192 193 206 218 243 244 250 253 276 281 284 298 300 304 313 338 353 376 459 499 515 525 526 550 563 576 581 600 609 611 628 643 656 668 681 795 855 963 1041 1052 1087 1096 1113 1116 1121 1127 1164 1177 1181 1195 1201 1205 1216 1230 1244 1247 1253 1269 1279 1281 1292 1297 1301 1302 1312 1328 1338 1346 1347 1350 1356 1358 1359 1363 1366 1367 1382 1386 1390 1392 1396 1401 1416 1418 1421 1422 1423 1428 1445 1460 1472 1475 1479 1482 1487 1489 1490 1497 1501 1511 1514 1515 1520 1534 1545 1546 1548 1589 1598 1599 1601 1629 1630 1633 1634 1642 1649 1655 1656 1661 1664 1670 1674 1675 1683 1690 1691 1694 1696 1701 1705 1706
24 72 0 4 9 11 19 20 43 85 113 144 150 164 178 213 277 290 293 319 321 408 431 446 470 484 495 596 597 622 671 725 786 810 818 835 849 858 893 914 970 972 977 986 1018 1035 1049 1074 1099 1175 1313 1318 1373 1378 1448 1474 1485 1538 1547 1556 1561 1572 1582 1600 1602 1606 1607 1608 1609 1624 1671 1682 1689 1699
