5.604000000000000000e+03
5.822000000000000000e+03
6.017000000000000000e+03
6.192000000000000000e+03
6.384000000000000000e+03
6.585000000000000000e+03
6.782000000000000000e+03
6.987000000000000000e+03
7.180000000000000000e+03
7.362000000000000000e+03
7.519000000000000000e+03
7.645000000000000000e+03
7.787000000000000000e+03
7.940000000000000000e+03
8.048000000000000000e+03
8.153000000000000000e+03
8.245000000000000000e+03
8.314000000000000000e+03
8.383000000000000000e+03
8.432000000000000000e+03
8.460000000000000000e+03
8.485000000000000000e+03
8.486000000000000000e+03
8.488000000000000000e+03
8.488000000000000000e+03
8.488000000000000000e+03
