1.386970000000000000e+05
1.444810000000000000e+05
1.514040000000000000e+05
1.540370000000000000e+05
1.576340000000000000e+05
1.736400000000000000e+05
1.824340000000000000e+05
1.893860000000000000e+05
1.966000000000000000e+05
2.025110000000000000e+05
2.066220000000000000e+05
2.106350000000000000e+05
2.230990000000000000e+05
2.291900000000000000e+05
2.351960000000000000e+05
2.440230000000000000e+05
2.510210000000000000e+05
2.760980000000000000e+05
2.810670000000000000e+05
2.943530000000000000e+05
3.034920000000000000e+05
3.085770000000000000e+05
3.162760000000000000e+05
3.204400000000000000e+05
3.267870000000000000e+05
3.362980000000000000e+05
