5.000000000000000000e+00
5.000000000000000000e+00
5.000000000000000000e+00
1.200000000000000000e+01
1.500000000000000000e+01
1.800000000000000000e+01
2.200000000000000000e+01
2.200000000000000000e+01
2.200000000000000000e+01
5.600000000000000000e+01
5.600000000000000000e+01
6.200000000000000000e+01
8.000000000000000000e+01
1.050000000000000000e+02
1.700000000000000000e+02
2.300000000000000000e+02
2.580000000000000000e+02
2.790000000000000000e+02
7.020000000000000000e+02
9.630000000000000000e+02
1.376000000000000000e+03
1.708000000000000000e+03
2.021000000000000000e+03
2.518000000000000000e+03
2.836000000000000000e+03
3.225000000000000000e+03
3.938000000000000000e+03
4.596000000000000000e+03
5.237000000000000000e+03
6.008000000000000000e+03
6.667000000000000000e+03
7.133000000000000000e+03
8.107000000000000000e+03
2.147200000000000000e+04
2.193500000000000000e+04
2.230500000000000000e+04
2.297500000000000000e+04
2.366500000000000000e+04
2.395200000000000000e+04
2.485200000000000000e+04
2.534300000000000000e+04
2.557300000000000000e+04
2.588000000000000000e+04
2.612300000000000000e+04
2.612600000000000000e+04
2.641000000000000000e+04
2.671900000000000000e+04
2.704500000000000000e+04
2.716400000000000000e+04
2.690200000000000000e+04
2.711500000000000000e+04
2.798100000000000000e+04
2.807600000000000000e+04
2.859400000000000000e+04
3.006700000000000000e+04
2.974200000000000000e+04
3.036500000000000000e+04
3.065400000000000000e+04
3.004100000000000000e+04
3.054000000000000000e+04
3.155700000000000000e+04
3.232100000000000000e+04
3.217600000000000000e+04
3.272700000000000000e+04
3.369400000000000000e+04
3.363900000000000000e+04
3.445900000000000000e+04
3.569800000000000000e+04
3.630600000000000000e+04
3.662200000000000000e+04
3.865600000000000000e+04
4.015200000000000000e+04
4.213600000000000000e+04
4.380700000000000000e+04
4.677500000000000000e+04
4.960100000000000000e+04
5.132200000000000000e+04
5.520700000000000000e+04
5.830400000000000000e+04
6.232100000000000000e+04
6.564000000000000000e+04
6.928000000000000000e+04
7.359600000000000000e+04
7.584800000000000000e+04
7.852000000000000000e+04
8.217100000000000000e+04
8.775400000000000000e+04
8.978100000000000000e+04
9.627300000000000000e+04
9.938300000000000000e+04
1.010950000000000000e+05
7.536000000000000000e+03
8.397000000000000000e+03
8.919000000000000000e+03
1.006700000000000000e+04
1.068200000000000000e+04
1.119000000000000000e+04
1.134100000000000000e+04
1.171800000000000000e+04
1.197200000000000000e+04
1.237900000000000000e+04
1.275000000000000000e+04
1.299200000000000000e+04
1.314300000000000000e+04
1.330300000000000000e+04
1.345300000000000000e+04
1.381600000000000000e+04
1.413600000000000000e+04
1.441200000000000000e+04
1.480400000000000000e+04
1.530100000000000000e+04
1.558700000000000000e+04
1.581600000000000000e+04
1.612900000000000000e+04
1.632100000000000000e+04
1.687300000000000000e+04
1.761600000000000000e+04
1.822300000000000000e+04
1.856500000000000000e+04
1.889800000000000000e+04
1.931800000000000000e+04
1.952900000000000000e+04
2.014800000000000000e+04
1.952900000000000000e+04
