0.000000000000000000e+00
0.000000000000000000e+00
0.000000000000000000e+00
0.000000000000000000e+00
0.000000000000000000e+00
0.000000000000000000e+00
0.000000000000000000e+00
0.000000000000000000e+00
0.000000000000000000e+00
0.000000000000000000e+00
0.000000000000000000e+00
0.000000000000000000e+00
0.000000000000000000e+00
0.000000000000000000e+00
0.000000000000000000e+00
0.000000000000000000e+00
0.000000000000000000e+00
0.000000000000000000e+00
0.000000000000000000e+00
0.000000000000000000e+00
0.000000000000000000e+00
0.000000000000000000e+00
0.000000000000000000e+00
0.000000000000000000e+00
0.000000000000000000e+00
0.000000000000000000e+00
0.000000000000000000e+00
0.000000000000000000e+00
0.000000000000000000e+00
0.000000000000000000e+00
0.000000000000000000e+00
0.000000000000000000e+00
0.000000000000000000e+00
4.300000000000000000e+02
5.470000000000000000e+02
7.590000000000000000e+02
9.360000000000000000e+02
1.086000000000000000e+03
1.127000000000000000e+03
1.282000000000000000e+03
1.371000000000000000e+03
1.611000000000000000e+03
1.751000000000000000e+03
1.865000000000000000e+03
1.926000000000000000e+03
2.036000000000000000e+03
2.224000000000000000e+03
2.460000000000000000e+03
2.666000000000000000e+03
3.089000000000000000e+03
3.304000000000000000e+03
3.501000000000000000e+03
3.659000000000000000e+03
3.902000000000000000e+03
3.816000000000000000e+03
4.433000000000000000e+03
4.629000000000000000e+03
5.209000000000000000e+03
6.531000000000000000e+03
6.675000000000000000e+03
7.008000000000000000e+03
7.356000000000000000e+03
8.053000000000000000e+03
8.627000000000000000e+03
8.648000000000000000e+03
9.123000000000000000e+03
9.149000000000000000e+03
9.156000000000000000e+03
9.270000000000000000e+03
9.856000000000000000e+03
9.899000000000000000e+03
1.079300000000000000e+04
1.056600000000000000e+04
1.030300000000000000e+04
1.032900000000000000e+04
1.016100000000000000e+04
9.967000000000000000e+03
1.010500000000000000e+04
9.753000000000000000e+03
9.478000000000000000e+03
9.835000000000000000e+03
1.019000000000000000e+04
9.739000000000000000e+03
1.049200000000000000e+04
1.093900000000000000e+04
1.103500000000000000e+04
1.144200000000000000e+04
1.164300000000000000e+04
1.149800000000000000e+04
1.135900000000000000e+04
1.137800000000000000e+04
6.228900000000000000e+04
6.333700000000000000e+04
6.422900000000000000e+04
6.371300000000000000e+04
6.471900000000000000e+04
6.668300000000000000e+04
6.832200000000000000e+04
7.002300000000000000e+04
7.208200000000000000e+04
7.349900000000000000e+04
7.437500000000000000e+04
7.818500000000000000e+04
8.113000000000000000e+04
8.444300000000000000e+04
8.771200000000000000e+04
9.175400000000000000e+04
9.528300000000000000e+04
9.827700000000000000e+04
1.033460000000000000e+05
1.083710000000000000e+05
1.140340000000000000e+05
1.194840000000000000e+05
1.248710000000000000e+05
1.300090000000000000e+05
1.337350000000000000e+05
1.399460000000000000e+05
1.473580000000000000e+05
1.548870000000000000e+05
1.620590000000000000e+05
1.698640000000000000e+05
1.730730000000000000e+05
1.777540000000000000e+05
1.883410000000000000e+05
