5.819900000000000000e+04
2.226900000000000000e+04
9.043700000000000000e+04
2.769900000000000000e+04
8.344000000000000000e+03
1.948000000000000000e+03
5.183100000000000000e+04
3.040200000000000000e+04
7.692000000000000000e+03
2.124600000000000000e+04
8.610500000000000000e+04
3.624000000000000000e+03
3.444500000000000000e+04
3.536290000000000000e+05
2.093502000000000000e+06
1.150400000000000000e+04
6.850000000000000000e+02
1.776500000000000000e+04
9.257000000000000000e+04
3.758690000000000000e+05
2.294100000000000000e+05
9.133000000000000000e+03
1.568000000000000000e+03
7.175000000000000000e+03
3.892300000000000000e+04
1.771800000000000000e+04
4.819600000000000000e+04
4.428400000000000000e+04
2.284000000000000000e+04
1.345600000000000000e+04
4.278810000000000000e+05
1.332200000000000000e+04
5.799000000000000000e+03
3.032700000000000000e+04
7.103000000000000000e+03
4.232000000000000000e+04
5.217800000000000000e+04
7.062000000000000000e+03
9.787000000000000000e+03
3.348000000000000000e+03
3.215000000000000000e+03
8.478000000000000000e+03
1.039369000000000000e+06
3.210000000000000000e+03
2.127300000000000000e+04
1.473300000000000000e+05
1.307500000000000000e+04
4.147000000000000000e+03
3.972700000000000000e+04
7.831700000000000000e+04
1.510000000000000000e+03
6.209000000000000000e+03
4.040000000000000000e+03
6.464000000000000000e+03
2.245000000000000000e+03
7.237000000000000000e+03
2.734111000000000000e+06
1.359200000000000000e+04
1.814300000000000000e+04
5.367000000000000000e+03
8.979530000000000000e+05
2.173700000000000000e+04
2.174000000000000000e+03
1.174300000000000000e+04
3.410000000000000000e+03
4.760000000000000000e+02
1.179600000000000000e+04
1.820500000000000000e+04
1.848410000000000000e+05
1.991000000000000000e+03
1.777210000000000000e+05
8.761200000000000000e+05
4.152600000000000000e+04
1.660300000000000000e+04
3.459700000000000000e+04
2.608600000000000000e+04
3.985000000000000000e+03
5.786000000000000000e+03
1.240000000000000000e+03
8.403830000000000000e+05
1.092400000000000000e+04
1.986000000000000000e+04
2.002300000000000000e+04
2.212100000000000000e+04
3.551960000000000000e+05
6.784000000000000000e+03
2.619100000000000000e+04
1.365000000000000000e+03
7.717000000000000000e+03
2.134700000000000000e+04
2.425200000000000000e+04
1.317100000000000000e+05
1.257300000000000000e+05
2.893000000000000000e+04
1.702660000000000000e+05
3.320200000000000000e+04
3.305000000000000000e+03
8.220000000000000000e+03
5.820000000000000000e+03
3.870000000000000000e+03
5.648600000000000000e+04
4.978845000000000000e+06
6.824700000000000000e+04
6.067000000000000000e+03
6.197000000000000000e+03
2.348960000000000000e+05
4.644000000000000000e+03
8.117900000000000000e+04
8.703660000000000000e+05
3.567300000000000000e+04
2.463600000000000000e+04
5.864300000000000000e+04
3.704000000000000000e+04
2.262000000000000000e+04
4.123600000000000000e+04
3.400000000000000000e+03
9.532400000000000000e+04
2.146100000000000000e+04
1.508000000000000000e+03
8.841000000000000000e+03
1.589900000000000000e+04
3.552500000000000000e+04
2.113000000000000000e+03
2.586780000000000000e+05
5.077000000000000000e+03
4.289000000000000000e+04
1.717010000000000000e+05
1.973500000000000000e+04
1.539300000000000000e+04
1.251340000000000000e+05
4.627800000000000000e+04
7.950000000000000000e+02
5.226700000000000000e+04
4.344000000000000000e+03
3.090000000000000000e+02
3.462000000000000000e+03
3.098700000000000000e+04
3.937000000000000000e+03
5.001400000000000000e+04
1.277600000000000000e+04
2.103700000000000000e+04
8.309000000000000000e+03
2.073500000000000000e+04
1.759500000000000000e+04
1.770700000000000000e+04
8.528400000000000000e+04
2.354400000000000000e+04
3.651000000000000000e+03
1.203000000000000000e+04
1.945200000000000000e+04
9.200000000000000000e+01
3.172100000000000000e+05
5.588000000000000000e+03
1.452700000000000000e+04
1.029400000000000000e+04
6.044000000000000000e+03
3.899000000000000000e+03
3.706400000000000000e+04
5.993800000000000000e+04
8.660000000000000000e+03
2.530660000000000000e+05
7.830000000000000000e+02
5.059400000000000000e+04
2.188000000000000000e+03
1.873640000000000000e+05
2.463500000000000000e+04
4.870000000000000000e+03
9.865000000000000000e+03
1.919900000000000000e+04
6.139510000000000000e+05
2.157500000000000000e+04
1.244800000000000000e+04
1.172000000000000000e+03
6.410600000000000000e+04
4.798500000000000000e+04
1.372400000000000000e+04
1.564200000000000000e+04
3.837180000000000000e+05
1.130900000000000000e+04
2.200000000000000000e+03
8.615500000000000000e+04
2.785900000000000000e+04
2.457600000000000000e+04
1.356210000000000000e+05
9.200000000000000000e+03
1.653300000000000000e+04
4.908000000000000000e+04
1.227060000000000000e+05
5.906000000000000000e+03
1.137800000000000000e+04
1.381040000000000000e+05
4.226000000000000000e+03
3.407000000000000000e+03
1.261000000000000000e+04
1.570700000000000000e+04
7.573000000000000000e+03
9.830000000000000000e+02
1.688800000000000000e+04
1.022430000000000000e+05
1.100900000000000000e+04
5.276700000000000000e+04
9.936000000000000000e+03
8.405000000000000000e+03
2.884400000000000000e+04
7.132500000000000000e+04
5.873000000000000000e+03
3.312000000000000000e+03
1.836800000000000000e+04
3.405000000000000000e+03
2.554500000000000000e+04
3.276000000000000000e+03
2.351430000000000000e+05
9.294000000000000000e+03
6.473100000000000000e+04
9.570000000000000000e+03
1.252000000000000000e+03
1.523000000000000000e+03
4.381000000000000000e+03
7.414000000000000000e+03
2.143755000000000000e+06
1.394570000000000000e+05
1.054000000000000000e+03
1.304000000000000000e+04
1.519000000000000000e+03
3.295300000000000000e+04
1.232760000000000000e+05
1.291502000000000000e+06
1.423300000000000000e+04
2.134300000000000000e+04
4.165500000000000000e+04
3.983000000000000000e+03
2.793700000000000000e+04
4.825300000000000000e+04
5.546900000000000000e+04
9.774400000000000000e+04
7.399700000000000000e+04
5.073100000000000000e+04
1.359200000000000000e+04
3.515500000000000000e+04
2.761830000000000000e+05
4.194100000000000000e+04
5.783000000000000000e+03
1.331380000000000000e+05
1.303800000000000000e+04
2.213400000000000000e+04
5.899140000000000000e+05
5.180200000000000000e+04
9.295000000000000000e+03
6.580700000000000000e+04
4.529200000000000000e+04
9.225000000000000000e+03
1.871200000000000000e+04
1.440900000000000000e+04
1.268200000000000000e+04
