59 74 80 91 112 116 138 189 193
72 111 119 126 181 183 212 219 248
4 11 38 48 168 223 242 243 251
5 32 55 58 90 98 103 106 117 147 170 178 179 187 190 196 210
8 34 39 53 57 77 83 85 95 110 139 151 152 184 218 222 250
1 51 68 150 155 164 185 194 221 230 237 247
40 47 52 69 87 118 133 163 191 192 199 206 215 217 225
16 29 76 104 114 127 131 167 176 207 208 216 220
13 17 49 73 97 109 146 160
0 36 92 107 200 211 233 249
2 113 173 186 201 202 203 209 227
19 79 84 101 169 236
7 28 44 61 75 89 120 142 157 234 240
10 15 26 27 86 105 143 149 156 226 245
6 9 14 45 82 94 130 132 161 162 231 246
3 12 88 125 128 136 148 177 195 204
20 25 81 93 144 153 165 197 235 238
42 56 60 70 129 174 198
18 31 33 102 154 171 182 224 229
35 100 121 123 145 175 180 228
23 30 65 108 124 213 244 252
63 66 135 141 158 232 239 253
24 41 46 67 140 159 166 205 214
21 54 71 115 122 188
22 37 43 50 62 64 78 96 99 134 137 172 241
