9
5
10
15
2
3
14
12
4
14
13
2
15
8
14
13
7
8
18
11
16
23
24
20
22
16
13
13
12
7
20
18
3
18
4
19
9
24
2
4
6
22
17
24
12
14
22
6
2
8
24
5
6
4
23
3
17
4
3
0
17
12
24
21
24
20
21
22
5
6
17
23
1
8
0
12
7
4
24
11
0
16
14
4
11
4
13
6
15
12
3
0
9
16
14
4
24
8
3
24
19
11
18
3
7
13
3
9
20
8
4
1
0
10
7
23
0
3
6
1
12
19
23
19
20
15
1
7
15
17
14
7
14
6
24
21
15
24
0
4
22
21
12
13
16
19
8
3
15
13
5
4
4
16
18
5
13
12
21
22
8
14
14
6
5
16
22
7
2
11
3
18
24
10
17
19
7
15
3
3
19
1
18
1
4
5
10
3
23
0
3
6
6
0
5
15
3
16
17
6
9
10
10
10
15
22
6
7
7
10
3
9
1
20
22
6
7
6
4
1
7
5
4
2
18
6
13
10
19
18
5
14
21
9
12
16
11
5
16
21
12
24
2
2
20
13
14
5
1
9
4
2
20
21
