-9.562872577410831809e+01 3.180814984774331222e+01 2.926798962699068141e-01 5.409989799157728374e-01
-1.026379244262866024e+02 3.230502142357281059e+01 3.723449416004149248e-01 6.102007387740652211e-01
-9.463569415548053598e+01 3.128835237513381173e+01 1.981850826108121910e-01 4.451798317655598636e-01
-9.695979054595338198e+01 2.822927648140654355e+01 2.570323336433238959e-02 1.603222796879223144e-01
-9.868743673724857501e+01 3.361566478328569474e+01 2.329317285727566245e-01 4.826300120928625481e-01
-1.013469656312275191e+02 3.496241556067933232e+01 2.242133867110669143e-01 4.735117598445332532e-01
-9.852916725502919348e+01 2.889971046893143125e+01 2.846754259770316597e-01 5.335498345768946438e-01
-9.625905462357978593e+01 2.991276919972327875e+01 1.277217565324839377e-01 3.573818077805359650e-01
-1.028310533886872236e+02 3.407024967509932623e+01 2.082090444640322946e-01 4.562992926402936189e-01
-9.924509587205263017e+01 2.973268282298375098e+01 2.113941958841878688e-01 4.597762454544469524e-01
-9.732842279040174560e+01 3.007895933055169735e+01 1.885976642488479682e-01 4.342783257875621472e-01
-9.921365943039826618e+01 3.361643457160947435e+01 2.267100385803580420e-01 4.761407760110007992e-01
-9.773790267808725218e+01 2.841577745078641470e+01 2.172028878479696223e-01 4.660503061344017928e-01
-9.747952798298706512e+01 3.101909259201364577e+01 2.657466047251748620e-01 5.155061636151161419e-01
-9.852001062640614748e+01 2.943887326381972613e+01 2.918660679718478312e-01 5.402463030617126183e-01
-9.840632046143430500e+01 3.027772680951196094e+01 1.625693856989299801e-01 4.031989405974797380e-01
-1.014298852204139365e+02 3.274340944255863661e+01 2.245592977975671145e-01 4.738768804210299335e-01
-9.763290911529266225e+01 3.190839169070546788e+01 2.231783074026696678e-01 4.724175138610651192e-01
-9.440108591402523075e+01 3.346626030358063986e+01 2.335292583261402155e-01 4.832486506200924792e-01
-9.546530932734661690e+01 2.921785993037953943e+01 3.021326382645375119e-01 5.496659333309074080e-01
-9.630149087579262357e+01 3.063568232324887219e+01 1.585010183641847314e-01 3.981218637103277058e-01
-1.032503044101764402e+02 2.981272689092440231e+01 1.489565588144971642e+00 1.220477606572513807e+00
-1.011852472777880791e+02 3.452319939976216290e+01 2.082028504934637647e-01 4.562925054101412137e-01
-9.823530166370952088e+01 2.702678034519266248e+01 2.320181785037728761e-01 4.816826533141637667e-01
-9.900480952246553557e+01 3.178367183385386241e+01 2.001207694124786662e-01 4.473485994305544389e-01
-9.662202764116079834e+01 3.049982211408921984e+01 1.700563958502821216e-01 4.123789469047639544e-01
-9.816543109180923921e+01 3.077980735440650051e+01 2.584735856937250831e-01 5.084029756932241240e-01
-9.761473560564832042e+01 2.984080267865179081e+01 1.264968428744767948e-01 3.556639465485316731e-01
-9.668245094163803799e+01 2.851504733097155508e+01 9.257802915266000188e-02 3.042663786103551593e-01
-9.937353402261230428e+01 3.229756019088819130e+01 2.229267600168408081e-01 4.721512046122945394e-01
-9.752881256440734603e+01 2.614060573934813547e+01 2.742563911981887315e-01 5.236949409705889957e-01
-9.494386676777875778e+01 3.296634461915893866e+01 4.123060173720771715e-02 2.030531992784347095e-01
-1.013542964364547601e+02 3.540371379959306353e+01 2.372574360953707273e-01 4.870907883499447921e-01
-9.434510276172281351e+01 3.308446507319812468e+01 2.491421290977697267e-01 4.991413918898829905e-01
-1.022623698668071910e+02 3.453015891630138157e+01 2.286310550478577452e-01 4.781537985291529069e-01
-9.463029420466425279e+01 2.974387946441652630e+01 1.596496056793060281e-01 3.995617670389723930e-01
-9.514882609880905306e+01 3.183176839151344595e+01 2.769747613503640293e-01 5.262839170546294021e-01
-1.002049552002379897e+02 3.452843305563454379e+01 1.791279343053554796e-01 4.232350816099197943e-01
-9.819466523262009616e+01 3.378975733957675942e+01 2.928662988748032547e-01 5.411712287943652999e-01
-1.028327484016130455e+02 3.360273849395201751e+01 1.914360948356068071e-01 4.375341070540750277e-01
-1.005295788639742938e+02 3.188933076577865577e+01 2.292640248144287296e-01 4.788152303492744233e-01
-9.944518808150496625e+01 3.178595372309802869e+01 2.961327257709748251e-01 5.441807840883163827e-01
-9.658965718262052746e+01 3.318624984144958745e+01 2.074745112478617592e-01 4.554937005578252318e-01
-1.002651327918105295e+02 3.496368640764421087e+01 2.304856684009274348e-01 4.800892296239600565e-01
-9.653632926181489893e+01 2.963788587066014202e+01 2.244399865933091875e-01 4.737509752953646402e-01
-9.829607722837148742e+01 2.981076079524526889e+01 1.230423510928224246e-01 3.507739316038500088e-01
-9.855283591189127890e+01 3.195009739556565620e+01 2.481756892828487771e-01 4.981723489745780720e-01
-9.986635437022087558e+01 3.131273138125965616e+01 2.290514606771631712e-01 4.785932100199115635e-01
-9.723004422419886339e+01 3.365031795211009324e+01 2.363882478254613340e-01 4.861977455989088814e-01
-9.779902954014501404e+01 3.139043834305324410e+01 2.591039439756779306e-01 5.090225377875501334e-01
-1.002699799818176558e+02 3.407812067664892908e+01 2.354650556109056103e-01 4.852474169028678230e-01
-1.025206311711531271e+02 3.141424312810209329e+01 2.089499636292024565e-01 4.571104501421975330e-01
-1.014075166603388851e+02 3.072321303239037249e+01 6.789383097564662961e-01 8.239771293891998694e-01
-1.012972855693831491e+02 3.361366407150571689e+01 2.243862336597557960e-01 4.736942406867069022e-01
-1.045201893693149628e+02 3.144486459268345158e+01 9.449747136753787746e-01 9.720980987921840066e-01
-1.026046019093039945e+02 3.628141385046615852e+01 3.846223522943741924e-01 6.201792904429929143e-01
-9.677781102528800261e+01 3.276641891473647661e+01 2.260388443141542747e-01 4.754354260193010551e-01
-1.019442880694424360e+02 3.274159101183722242e+01 2.219824569665463099e-01 4.711501427003352838e-01
-1.026054503621686678e+02 3.496533938656808971e+01 3.811427216692280240e-01 6.173675741964652630e-01
-9.563320365812633383e+01 3.337218527126887579e+01 7.610747233381957855e-02 2.758758277446931029e-01
-9.710157246620492799e+01 3.319971576737761865e+01 2.222562332487600656e-01 4.714405935521039370e-01
-9.736905887808605087e+01 2.908716251007655273e+01 2.056447677680972863e-01 4.534807248032680094e-01
-1.007688832955971350e+02 3.361323345326235312e+01 2.193558361443302684e-01 4.683543916142243746e-01
-9.975200051870764639e+01 2.842042845004231211e+01 3.090296096054523378e-01 5.559043169516246774e-01
-1.008141033851932775e+02 3.496533991840374256e+01 2.385657406822926097e-01 4.884319202123184600e-01
-9.770429807290425117e+01 2.693643831242003728e+01 3.618745900746898059e-01 6.015601300574114907e-01
-9.851345150094805092e+01 2.767494492083735125e+01 4.159732465821281422e-01 6.449598798236431119e-01
-9.884950431905420487e+01 3.234055688278804297e+01 1.978372565708750586e-01 4.447890023043230001e-01
-1.025432253408280303e+02 3.186980976559928891e+01 2.222791140609581551e-01 4.714648598368261778e-01
-1.003004931504378163e+02 2.997927809583692493e+01 5.224301289114929858e-01 7.227932822816582892e-01
-9.676668010426942601e+01 3.235410039110744407e+01 2.174253302555038958e-01 4.662888914133639373e-01
-1.062540878542359764e+02 3.179004801108430200e+01 2.217454595370881021e-01 4.708985660809428264e-01
-9.822824078364217826e+01 3.225004733907300647e+01 2.685425467379627396e-01 5.182109095126835596e-01
-9.693603853054351305e+01 3.125274981256435325e+01 1.906353802185122015e-01 4.366181171441608777e-01
-9.612746539879475449e+01 3.358791275185482306e+01 2.137711688429175805e-01 4.623539432544266359e-01
-9.689106161469896961e+01 2.987623451176272482e+01 1.816613603142414324e-01 4.262175035287047442e-01
-1.003959579981301573e+02 3.274131544645948111e+01 2.201907891717120591e-01 4.692449138474620307e-01
-1.013031379588387324e+02 3.407230099969364545e+01 2.512045814437633973e-01 5.012031339125518903e-01
-9.976012724704713719e+01 3.397377281549719186e+01 2.122027823271889768e-01 4.606547322314066828e-01
-9.576235212111467376e+01 2.951338442968205555e+01 2.003813049525213774e-01 4.476397043968747269e-01
-9.521958914125549711e+01 3.319037381847215329e+01 7.038143338970526131e-02 2.652949931485802937e-01
-9.614278888823379532e+01 3.171057458264021989e+01 2.285539816782859446e-01 4.780731969879570276e-01
-9.910792362684475165e+01 2.886752862970372036e+01 2.717773960154961643e-01 5.213227369063200278e-01
-1.026352644646675714e+02 3.274074649721248420e+01 3.744794352975934215e-01 6.119472487866853827e-01
-9.504623455058060699e+01 2.940696551011881610e+01 5.080683229470513845e-02 2.254037095850579264e-01
-1.012960018047268136e+02 3.318008005424690765e+01 2.209250663442375029e-01 4.700266655672181160e-01
-9.894664805144326181e+01 3.031782593597389663e+01 2.583869121050834661e-01 5.083177275140848828e-01
-1.015207265092242324e+02 3.186929568006623370e+01 2.223829986419341986e-01 4.715750191029357552e-01
-9.741583536615797811e+01 2.866199233671948221e+01 1.919979638724801096e-01 4.381757225959467816e-01
-9.747193713221388123e+01 2.944379893613059807e+01 2.340080980569455849e-01 4.837438351616954457e-01
-1.008128353188004098e+02 3.540081608137090541e+01 2.387717246483034850e-01 4.886427372306924033e-01
-9.668467995259015879e+01 3.363593305629352415e+01 2.429088397489703455e-01 4.928578291444403181e-01
-9.480973517660666516e+01 3.248031012719867050e+01 7.770533065145882046e-02 2.787567589341267138e-01
-9.598489818260445361e+01 3.053903945016397969e+01 1.846963254227766416e-01 4.297631038406817816e-01
-9.795797985000380947e+01 2.958575208751595298e+01 1.954185167984419658e-01 4.420616662847413059e-01
-1.018131778400733793e+02 3.406601944030361295e+01 2.408188208771152305e-01 4.907329425228300623e-01
-1.006834157114871289e+02 3.453560584996760241e+01 2.244468206602613924e-01 4.737581879611806879e-01
-9.811647777076487387e+01 3.170149828078829657e+01 2.086697296160326398e-01 4.568038196162906850e-01
-1.013433156321087978e+02 3.627433696616075309e+01 2.291054388472535397e-01 4.786495992344018680e-01
-9.973169414298506297e+01 3.431841109357760899e+01 1.709461028993710385e-01 4.134562889827303467e-01
-9.438586912477271085e+01 3.032975317829507489e+01 2.125369229126490289e-01 4.610172696468636810e-01
-9.542801386147804976e+01 2.986629920422802442e+01 3.735107838419920445e-01 6.111552861932816327e-01
-9.438441150277577663e+01 3.256683207907460798e+01 2.047341571828432683e-01 4.524755873888040569e-01
-1.025991635687941823e+02 3.583933990428968741e+01 3.743886687955126358e-01 6.118730822609478315e-01
-9.973048091951157801e+01 3.317829472115447231e+01 2.274793497637156159e-01 4.769479528876454100e-01
-9.804566710638229665e+01 3.004079003263440129e+01 1.636278007078610652e-01 4.045093332765772876e-01
-1.002702304830210096e+02 3.583760086099483999e+01 2.355512873250789341e-01 4.853362621163587742e-01
-9.587347538869909158e+01 3.220798929382821996e+01 2.592892827134207212e-01 5.092045588105242881e-01
-9.818563862667747344e+01 2.642361674135352345e+01 3.388995539920082178e-01 5.821508000441193431e-01
-9.713153706035177493e+01 3.197117952500860838e+01 2.079355954744264157e-01 4.559995564410412872e-01
-1.023458194262930476e+02 3.361358589522171769e+01 2.223079629654725886e-01 4.714954538120941230e-01
-9.782616994682663858e+01 3.242148911990584281e+01 1.114777669036807195e-01 3.338828640461812269e-01
-9.554863738374315574e+01 3.314739946893637068e+01 1.817908637724689469e-01 4.263693982598527610e-01
-9.542967023606765054e+01 3.130675197227083828e+01 2.911371045758594511e-01 5.395712228944937738e-01
-1.014296370068911273e+02 3.230433361894182553e+01 2.189967984852410898e-01 4.679709376502360074e-01
-1.053872677815354990e+02 3.147027818884362205e+01 1.095764240937326717e+00 1.046787581573896286e+00
-9.610562739495189533e+01 3.313790584589403210e+01 1.911069069998864722e-01 4.371577598532210285e-01
-1.013366348539782251e+02 3.583478084706070632e+01 2.153637356402456626e-01 4.640729852515072529e-01
-1.009824396652405198e+02 3.130409748449512364e+01 2.578633560632581090e-01 5.078024774095318827e-01
-9.818955628112267675e+01 3.322242375163362738e+01 2.107454214755924427e-01 4.590701705356082241e-01
-9.661167175600969870e+01 2.897205878417939573e+01 1.950630674968738820e-01 4.416594474217367949e-01
-9.402898813470481798e+01 3.073055346158042411e+01 1.975832290525815771e-01 4.445033510026460966e-01
-1.041388482167396745e+02 3.071933833643537071e+01 5.387481796741570017e-01 7.339946727832273865e-01
-9.420644914502027234e+01 2.993855987693612164e+01 1.805135589334640467e-01 4.248688726342094157e-01
-9.871319502177779270e+01 2.703501150637762862e+01 2.460527785408115897e-01 4.960370737563993826e-01
-9.809728582301120525e+01 2.770347458372638627e+01 2.094147763025951681e-01 4.576185926102600554e-01
-9.736102082457777840e+01 3.238626955058341395e+01 1.731172574974087219e-01 4.160736202854113941e-01
-9.987712417477123950e+01 3.273850871032610854e+01 2.345388829092206195e-01 4.842921462394580434e-01
-9.786887025376495330e+01 2.891495248497671966e+01 1.588901378145936572e-01 3.986102580398472872e-01
-9.627957860113161814e+01 3.259868584460089380e+01 1.920528635426322905e-01 4.382383638416795235e-01
-9.871501442062569254e+01 2.994858201480231941e+01 1.521511950114447509e-01 3.900656291080319416e-01
-1.007794107629696896e+02 3.318268712936991705e+01 2.221586706731480398e-01 4.713371093741167139e-01
-9.932117095103711790e+01 3.003209504422892095e+01 2.910983620344205769e-01 5.395353204697729277e-01
-9.975284515629985549e+01 3.048968520586432263e+01 3.035858392645247594e-01 5.509862423550381250e-01
-1.002558455178062076e+02 3.361635288418904111e+01 2.298729559100670672e-01 4.794506814157917796e-01
-1.004160905451608414e+02 2.936948557284136285e+01 3.112491058766952423e-01 5.578970387774927486e-01
-9.774008174029461316e+01 2.743649158424164725e+01 1.847736019748861258e-01 4.298530004255944892e-01
-9.974424560744682822e+01 3.360208441638746990e+01 2.106995376978659795e-01 4.590201931264745183e-01
-9.557053983668983221e+01 3.365892950504384373e+01 2.617169653550239783e-01 5.115828040063739035e-01
-1.023516835968311938e+02 3.406859642902749385e+01 2.574376451050917058e-01 5.073831344310645308e-01
-9.824927361148711213e+01 3.120949400192883871e+01 1.554373514522461863e-01 3.942554393438931215e-01
-9.910235276787190628e+01 2.834573565308192045e+01 3.578021874066851793e-01 5.981656855810814077e-01
-9.692803803250289718e+01 2.938083937816043800e+01 2.289949802640927068e-01 4.785341996807466747e-01
-9.699076571998995178e+01 3.031287671863561783e+01 1.849597325051755003e-01 4.300694507927475541e-01
-9.600558346198658910e+01 3.128634146401442351e+01 2.602639223796256451e-01 5.101606829025788770e-01
-9.481012089567042267e+01 3.014329218622916429e+01 2.781097632753074533e-01 5.273611317449432567e-01
-9.659837754217438999e+01 3.153206059787700255e+01 1.938375642979930924e-01 4.402698766642945127e-01
-1.002619666153960338e+02 3.627461389786195411e+01 2.321777228373408108e-01 4.818482363123692269e-01
-9.812270301506426051e+01 2.836865016333676337e+01 2.545520061411500334e-01 5.045314719035375317e-01
-9.867915278773348575e+01 3.070089448189429859e+01 2.428428997076323981e-01 4.927909290029924838e-01
-1.035763970194691979e+02 3.184790781604821674e+01 1.657003487571407363e-01 4.070630771233627043e-01
-1.018205799303840564e+02 3.360995579393456012e+01 2.267819883437771633e-01 4.762163251546266962e-01
-1.018158838893581759e+02 3.317647336497980604e+01 2.239107574690380187e-01 4.731920936248174558e-01
-9.593553418011259737e+01 3.094703349098490008e+01 9.338319139159180493e-02 3.055866348379650543e-01
-9.433260744788839247e+01 3.278983876913490292e+01 1.020116391633675151e-01 3.193926097507071571e-01
-1.019513896778162376e+02 3.230613144475418608e+01 2.269221471742327578e-01 4.763634612081752984e-01
-9.922568971180196229e+01 3.071847932505205492e+01 2.290373070808222056e-01 4.785784231250111431e-01
-9.597967654528252979e+01 2.889130492164996511e+01 2.403591800736311623e-01 4.902643981298572262e-01
-1.003180200199347496e+02 2.878416804330572276e+01 2.790659748244238569e-01 5.282669541287092763e-01
-9.935030706950367119e+01 3.120959764735884789e+01 2.748978909336522447e-01 5.243070578712938357e-01
-9.719305168043018739e+01 3.155964108571864202e+01 2.519818660660123055e-01 5.019779537649161627e-01
-9.856817165028488148e+01 2.835331280654897057e+01 2.767008309158917045e-01 5.260236030026520515e-01
-9.910828122611587787e+01 2.934544779314311569e+01 3.084347599536311768e-01 5.553690304235834319e-01
-9.982886911084989379e+01 3.089241018117190407e+01 2.155394918451234432e-01 4.642623093092130837e-01
-1.020341548916522783e+02 3.187563772039944610e+01 2.159954058991314652e-01 4.647530590530109529e-01
-9.696387132395793174e+01 3.078822152357153286e+01 2.325046238331184290e-01 4.821873327173977208e-01
-9.859444187359002854e+01 3.146704821597847257e+01 1.818588039413497059e-01 4.264490637125959438e-01
-1.009182151525942857e+02 3.230535129751809365e+01 2.250423144716802715e-01 4.743862502978772877e-01
-9.772822352674754143e+01 3.369014798536629485e+01 2.519133134491425285e-01 5.019096666225333347e-01
-9.551675085945633725e+01 3.031878605713799146e+01 2.689056526588298190e-01 5.185611368573910251e-01
-1.018869933634122731e+02 3.583602533335619000e+01 2.296549220276082326e-01 4.792232486301225003e-01
-9.473290146180585225e+01 3.312255892941483637e+01 6.311546401438589138e-02 2.512279124906026118e-01
-1.007692176787845142e+02 3.407068845942725233e+01 2.402313098992315821e-01 4.901339713784707564e-01
-9.458675404088145910e+01 3.161444126367541330e+01 2.337494666826533396e-01 4.834764386013586934e-01
-9.649275496502295368e+01 3.205704015622219316e+01 2.221081238030034322e-01 4.712834856039445630e-01
-9.376050997870574122e+01 3.075525180045328000e+01 2.603005207166870782e-01 5.101965510631045753e-01
-1.004057005448789113e+02 3.230408638855622883e+01 2.259457565612936203e-01 4.753375185710608797e-01
-9.765511432990527396e+01 2.775074385712117930e+01 1.780838753910216066e-01 4.219998523590045014e-01
-1.008159266145834465e+02 3.627773963751894826e+01 2.396147976186719375e-01 4.895046451451425806e-01
-1.026023200867966949e+02 3.540418237865544171e+01 3.870429140148229918e-01 6.221277312697313100e-01
-9.390676227133570819e+01 3.014296538968282135e+01 7.510683290534364565e-02 2.740562586501969489e-01
-9.831424681426504719e+01 3.274726303060252519e+01 2.390483854175959322e-01 4.889257463230954892e-01
-9.429312762947488125e+01 3.216858172932869309e+01 2.076863131087488545e-01 4.557261382768700297e-01
-9.780460041494404777e+01 3.277843577346090598e+01 2.263162498039132664e-01 4.757270749115644626e-01
-1.027797221048833478e+02 3.452845320863386291e+01 2.206829602399472678e-01 4.697690498957410865e-01
-1.027207333395159594e+02 3.077606571745386077e+01 1.159322323079979400e+00 1.076718311853188226e+00
-9.480490356059219437e+01 3.080292249764108803e+01 2.988261564243446244e-01 5.466499395631033709e-01
-1.018940610067282506e+02 3.540133236340616918e+01 2.368388064627426071e-01 4.866608741852406217e-01
-1.042376712003241153e+02 3.001650777593414432e+01 9.093539483951518232e-01 9.536005182439614147e-01
-9.579624781140047673e+01 3.287476546812469280e+01 5.651600754505597957e-02 2.377309562195381865e-01
-1.018972308399348918e+02 3.496584084519047053e+01 2.359150094380919327e-01 4.857108290311138998e-01
-1.015292041702972057e+02 3.138462561861364009e+01 2.695156728548392389e-01 5.191489890723464118e-01
-9.980677233858315844e+01 2.982818724521059295e+01 1.432981018596891920e-01 3.785473574860735990e-01
-9.502192600385049559e+01 3.359771899220205427e+01 2.661468517323774541e-01 5.158942253334276584e-01
-1.036799534623074521e+02 3.129671633398169917e+01 6.042565622162918704e-01 7.773394124938551863e-01
-9.714486917118664167e+01 2.831107201348212499e+01 1.760397902165415085e-01 4.195709596916134543e-01
-1.008129646029999975e+02 3.583776780250641991e+01 2.383441131279309677e-01 4.882049908879783073e-01
-9.650422696572574921e+01 3.103561245507896871e+01 2.099432423810466963e-01 4.581956376713408607e-01
-9.640864934632664074e+01 3.289609660982910100e+01 3.623694367635883068e-02 1.903600369729918640e-01
-9.997623094643786601e+01 3.183119491871724094e+01 2.599982738061618059e-01 5.099002586841487883e-01
-9.477170197251756179e+01 3.211301279226623251e+01 2.280397778251554985e-01 4.775351063797880768e-01
-9.382401971304194888e+01 3.133296288652134720e+01 1.277820448492131833e-01 3.574661450392375150e-01
-9.417133935312209303e+01 3.139760025276292410e+01 1.413643741658290598e-01 3.759845397962914282e-01
-9.516588341910737370e+01 3.056378612477792700e+01 1.260290303912008636e-01 3.550056765619401533e-01
-9.750603450938170624e+01 2.800121547245178277e+01 1.590932700784371545e-01 3.988649772522490644e-01
-9.879500727856969888e+01 3.114445016228957286e+01 2.582137544778611016e-01 5.081473747623430626e-01
-1.005382354119034147e+02 3.089715942763366385e+01 3.194183094404481338e-01 5.651710444108475340e-01
-1.009159572416496218e+02 3.274674378281237352e+01 2.267915473326699849e-01 4.762263614424027125e-01
-9.935496471746353109e+01 3.273598565823135687e+01 2.267979677155484430e-01 4.762331022887305032e-01
-9.417943741153105464e+01 3.179476814079042768e+01 1.840761369547872506e-01 4.290409502073050940e-01
-1.018946232292309872e+02 3.628049020784270340e+01 2.365730306958349072e-01 4.863877369916257409e-01
-9.527369270366411058e+01 3.238508058448990568e+01 2.531430457732066208e-01 5.031332286514245133e-01
-9.780170757481899102e+01 3.222312151064648589e+01 3.550816663206209783e-02 1.884361075591992341e-01
-9.874677437196092455e+01 2.657017974905818747e+01 2.664078917214346975e-01 5.161471609157941565e-01
-9.883616067463314891e+01 3.273575264134819918e+01 2.295970807070983333e-01 4.791628957954677803e-01
-1.010523994449604999e+02 3.182629530836468845e+01 2.200173677529676797e-01 4.690600897038327832e-01
-1.002557880551616591e+02 3.317884176961626963e+01 2.318221717565846218e-01 4.814791498669330760e-01
-1.005382089683652822e+02 3.049860504297256725e+01 3.539239006230690543e-01 5.949150364741750963e-01
-1.017349161041437782e+02 3.453054737261197715e+01 2.293964575271652262e-01 4.789535024688359455e-01
-9.729135481376020778e+01 3.277061776467514420e+01 2.243232533345029811e-01 4.736277581967752170e-01
-9.988989741002504275e+01 3.230156543781441769e+01 2.279819998100626188e-01 4.774746064557387482e-01
-1.020634250824408582e+02 3.022332387077423377e+01 5.900533217591286128e-01 7.681492835114335227e-01
-1.023489762547356463e+02 3.316977439473711797e+01 2.107237438274923436e-01 4.590465595421583389e-01
-9.921264649282220205e+01 3.317654601449534368e+01 2.281990834905096577e-01 4.777018772105774969e-01
-9.498472152786608547e+01 3.319281127993109948e+01 1.047640429733344286e-01 3.236727405471990227e-01
-1.004746343855667163e+02 3.139307967696925772e+01 3.668489206551275306e-01 6.056805434014926881e-01
-9.779391513487583154e+01 3.031708888977908245e+01 2.066925306948899643e-01 4.546345023146505238e-01
-9.514412165221349937e+01 3.108019701386564648e+01 1.740243766044144436e-01 4.171622904870650461e-01
-9.438051997301937490e+01 3.077623437864707157e+01 2.276250696262308859e-01 4.771006912866830874e-01
-9.494129768818000059e+01 3.274964017493473278e+01 1.313145913989304248e-01 3.623735522895268346e-01
-1.020264887092130834e+02 3.136273942180442020e+01 2.852125719180121921e-01 5.340529673337769401e-01
-9.976367596386418768e+01 2.935431177713231321e+01 3.707685081851674891e-01 6.089076351838327295e-01
-1.011679396309902188e+02 2.992212023124034204e+01 7.175794513679201181e-01 8.471006146662390934e-01
-9.581726690787297684e+01 3.256140544355501021e+01 2.303709690579597014e-01 4.799697584827191110e-01
-9.698924470040860513e+01 2.876203804391669649e+01 2.219840338313386896e-01 4.711518161180520137e-01
-9.559133628255531789e+01 3.076679283731154868e+01 1.789981674264522482e-01 4.230817502876391689e-01
-9.598792511156455021e+01 2.999297805815263374e+01 1.115777883678932547e-01 3.340326157247122119e-01
-1.031185779396733864e+02 3.150887822794264537e+01 2.176421603012904382e-01 4.665213395990481793e-01
-9.640771775012002820e+01 3.021802124872553819e+01 1.308296850907950948e-01 3.617038638040726006e-01
-9.932567829135828674e+01 2.775936222115065632e+01 7.924568534241902551e-01 8.902004568770959247e-01
-9.623766266631575661e+01 2.928326039789608615e+01 2.662523940337465644e-01 5.159965058348230382e-01
-1.002699904922824174e+02 3.540124514870964845e+01 2.353832176776856355e-01 4.851630835891016513e-01
-9.870284805240882520e+01 3.398880821960658949e+01 1.608740750286731802e-01 4.010911056464269153e-01
-9.921659029706454191e+01 3.405509221003315901e+01 2.135218927328286220e-01 4.620842918048920223e-01
-9.768099964050334449e+01 2.648237975365872288e+01 1.199910291306868770e-01 3.463972129372389630e-01
-9.759915471396904252e+01 3.063038757655362332e+01 2.686387443955247090e-01 5.183037182922043407e-01
-9.809928976812682322e+01 2.916762063972472774e+01 1.858651372379103162e-01 4.311207919341287220e-01
-1.030532545349246050e+02 3.184832722741834843e+01 2.072464465405375322e-01 4.552432828066083070e-01
-9.765469090711587796e+01 3.321509312519666679e+01 2.305207882583265033e-01 4.801258046161719362e-01
-9.537880905800206222e+01 3.280557527584889499e+01 1.718554741429231258e-01 4.145545490558789070e-01
-1.028262588625303096e+02 3.317255167402029059e+01 1.990049331498950358e-01 4.460996896993933425e-01
-9.868792446101790006e+01 3.317639258235988109e+01 2.336959447045961480e-01 4.834210842573957723e-01
-9.917134763137569564e+01 2.699482627351472530e+01 2.559832311664247406e-01 5.059478541968773779e-01
-9.976021122886764658e+01 2.886608918140647262e+01 3.117875002168081777e-01 5.583793515315624845e-01
