5.000000000000000000e+00
5.000000000000000000e+00
5.000000000000000000e+00
1.200000000000000000e+01
1.500000000000000000e+01
1.800000000000000000e+01
2.200000000000000000e+01
2.200000000000000000e+01
2.200000000000000000e+01
5.600000000000000000e+01
5.600000000000000000e+01
6.300000000000000000e+01
8.200000000000000000e+01
1.080000000000000000e+02
1.750000000000000000e+02
2.350000000000000000e+02
2.630000000000000000e+02
2.870000000000000000e+02
7.120000000000000000e+02
9.750000000000000000e+02
1.394000000000000000e+03
1.731000000000000000e+03
2.048000000000000000e+03
2.552000000000000000e+03
2.874000000000000000e+03
3.266000000000000000e+03
3.996000000000000000e+03
4.665000000000000000e+03
5.324000000000000000e+03
6.112000000000000000e+03
6.793000000000000000e+03
7.273000000000000000e+03
8.261000000000000000e+03
9.353000000000000000e+03
1.023000000000000000e+04
1.167100000000000000e+04
1.256100000000000000e+04
1.348400000000000000e+04
1.390600000000000000e+04
1.462400000000000000e+04
1.549200000000000000e+04
1.645500000000000000e+04
1.737100000000000000e+04
1.826000000000000000e+04
1.892300000000000000e+04
1.945800000000000000e+04
2.019600000000000000e+04
2.106900000000000000e+04
2.194400000000000000e+04
2.280600000000000000e+04
2.377300000000000000e+04
2.463100000000000000e+04
2.529700000000000000e+04
2.617100000000000000e+04
2.705400000000000000e+04
2.808700000000000000e+04
2.922900000000000000e+04
3.052200000000000000e+04
3.154800000000000000e+04
3.233200000000000000e+04
3.336900000000000000e+04
3.442200000000000000e+04
3.539000000000000000e+04
3.660900000000000000e+04
3.786000000000000000e+04
3.886900000000000000e+04
3.986900000000000000e+04
4.104800000000000000e+04
4.240300000000000000e+04
4.385100000000000000e+04
4.519800000000000000e+04
4.699900000000000000e+04
4.778400000000000000e+04
4.869300000000000000e+04
4.991200000000000000e+04
5.132300000000000000e+04
5.226800000000000000e+04
5.344900000000000000e+04
5.450900000000000000e+04
5.534800000000000000e+04
5.597100000000000000e+04
5.656000000000000000e+04
5.792100000000000000e+04
5.977600000000000000e+04
6.100600000000000000e+04
6.233800000000000000e+04
6.428700000000000000e+04
6.488000000000000000e+04
6.656800000000000000e+04
6.827100000000000000e+04
6.992000000000000000e+04
7.161300000000000000e+04
7.355300000000000000e+04
7.497800000000000000e+04
7.561600000000000000e+04
7.725300000000000000e+04
7.975700000000000000e+04
8.158300000000000000e+04
8.368000000000000000e+04
8.601100000000000000e+04
8.785400000000000000e+04
8.910800000000000000e+04
9.320600000000000000e+04
9.633500000000000000e+04
9.985100000000000000e+04
1.033050000000000000e+05
1.077350000000000000e+05
1.116010000000000000e+05
1.148810000000000000e+05
1.203700000000000000e+05
1.259210000000000000e+05
1.319170000000000000e+05
