0.000000000000000000e+00
0.000000000000000000e+00
0.000000000000000000e+00
0.000000000000000000e+00
0.000000000000000000e+00
0.000000000000000000e+00
0.000000000000000000e+00
0.000000000000000000e+00
0.000000000000000000e+00
0.000000000000000000e+00
0.000000000000000000e+00
0.000000000000000000e+00
0.000000000000000000e+00
0.000000000000000000e+00
0.000000000000000000e+00
0.000000000000000000e+00
0.000000000000000000e+00
0.000000000000000000e+00
0.000000000000000000e+00
0.000000000000000000e+00
0.000000000000000000e+00
0.000000000000000000e+00
0.000000000000000000e+00
0.000000000000000000e+00
0.000000000000000000e+00
0.000000000000000000e+00
0.000000000000000000e+00
0.000000000000000000e+00
0.000000000000000000e+00
0.000000000000000000e+00
0.000000000000000000e+00
0.000000000000000000e+00
0.000000000000000000e+00
4.300000000000000000e+02
5.470000000000000000e+02
7.590000000000000000e+02
9.360000000000000000e+02
1.086000000000000000e+03
1.127000000000000000e+03
1.282000000000000000e+03
1.371000000000000000e+03
1.611000000000000000e+03
1.751000000000000000e+03
1.865000000000000000e+03
1.926000000000000000e+03
2.036000000000000000e+03
2.224000000000000000e+03
2.460000000000000000e+03
2.666000000000000000e+03
3.089000000000000000e+03
3.304000000000000000e+03
3.501000000000000000e+03
3.659000000000000000e+03
3.902000000000000000e+03
3.816000000000000000e+03
4.433000000000000000e+03
4.629000000000000000e+03
5.209000000000000000e+03
6.531000000000000000e+03
6.675000000000000000e+03
7.008000000000000000e+03
7.356000000000000000e+03
8.053000000000000000e+03
8.627000000000000000e+03
8.648000000000000000e+03
9.123000000000000000e+03
9.149000000000000000e+03
9.156000000000000000e+03
9.270000000000000000e+03
9.856000000000000000e+03
9.899000000000000000e+03
1.079300000000000000e+04
1.056600000000000000e+04
1.030300000000000000e+04
1.032900000000000000e+04
1.016100000000000000e+04
9.967000000000000000e+03
1.010500000000000000e+04
9.753000000000000000e+03
4.629300000000000000e+04
4.604700000000000000e+04
4.610500000000000000e+04
4.629200000000000000e+04
4.749400000000000000e+04
4.819100000000000000e+04
4.934900000000000000e+04
5.089700000000000000e+04
5.123000000000000000e+04
5.249100000000000000e+04
5.378700000000000000e+04
5.516100000000000000e+04
5.668200000000000000e+04
5.843100000000000000e+04
5.969500000000000000e+04
5.996400000000000000e+04
6.126400000000000000e+04
6.346000000000000000e+04
6.485900000000000000e+04
6.644000000000000000e+04
6.846700000000000000e+04
7.006200000000000000e+04
7.099600000000000000e+04
7.485600000000000000e+04
7.740000000000000000e+04
8.013000000000000000e+04
8.294200000000000000e+04
8.700500000000000000e+04
9.052100000000000000e+04
9.337100000000000000e+04
9.862100000000000000e+04
1.035240000000000000e+05
1.100920000000000000e+05
