1.380640000000000000e+05
1.423530000000000000e+05
1.501510000000000000e+05
1.575010000000000000e+05
1.610120000000000000e+05
1.522090000000000000e+05
1.525230000000000000e+05
1.552450000000000000e+05
1.573450000000000000e+05
1.599530000000000000e+05
1.617050000000000000e+05
1.633760000000000000e+05
1.550370000000000000e+05
1.571350000000000000e+05
1.600630000000000000e+05
1.599310000000000000e+05
1.616800000000000000e+05
1.460730000000000000e+05
1.472610000000000000e+05
1.392290000000000000e+05
1.392290000000000000e+05
1.428250000000000000e+05
1.427230000000000000e+05
1.455960000000000000e+05
1.462080000000000000e+05
1.415760000000000000e+05
