2.823650000000000000e+05
2.926560000000000000e+05
3.075720000000000000e+05
3.177300000000000000e+05
3.250300000000000000e+05
3.324340000000000000e+05
3.417390000000000000e+05
3.516180000000000000e+05
3.611250000000000000e+05
3.698260000000000000e+05
3.758460000000000000e+05
3.816560000000000000e+05
3.859230000000000000e+05
3.942650000000000000e+05
4.033070000000000000e+05
4.121070000000000000e+05
4.209460000000000000e+05
4.304850000000000000e+05
4.367110000000000000e+05
4.420140000000000000e+05
4.511810000000000000e+05
4.598870000000000000e+05
4.674850000000000000e+05
4.745240000000000000e+05
4.814830000000000000e+05
4.863620000000000000e+05
